index       block_cipher       substitution_cipher
    1               0              23 
    2               0               0 
    3               0               0 
    4               0               0 
    5               0               0 
    6               0               0 
    7               0               0 
    8               0               0 
    9             216               0 
   10             184               0 
   11             158               0 
   12             143               0 
   13              46               0 
   14              27               0 
   15             123               0 
   16             200               0 
   17             241               0 
   18             195               0 
   19              56               0 
   20              36               0 
   21              12               0 
   22             196               0 
   23             144               0 
   24              41               0 
   25             103               0 
   26              50               0 
   27              29               0 
   28              45               0 
   29             180               0 
   30             246               0 
   31              64               0 
   32              99               0 
   33             140               0 
   34               0               0 
   35             237               0 
   36              35               0 
   37             155               0 
   38              68               0 
   39              99               0 
   40             223               0 
   41             229               0 
   42             120               0 
   43             192               0 
   44             114               0 
   45               7               0 
   46             153               0 
   47              77               0 
   48             139               0 
   49             228               0 
   50             166               0 
   51              94               0 
   52             116               0 
   53              50               0 
   54              13               0 
   55             121               0 
   56             186               0 
   57             118               0 
   58             254               0 
   59             157               0 
   60             200               0 
   61             231               0 
   62             223               0 
   63              13               0 
   64              89               0 
   65              71               0 
   66              24               0 
   67             168               0 
   68             133               0 
   69             171               0 
   70             218               0 
   71             118               0 
   72              23               0 
   73             111               0 
   74             108               0 
   75              96               0 
   76              83               0 
   77              64               0 
   78             228               0 
   79             156               0 
   80              49               0 
   81              24               0 
   82             196               0 
   83             148               0 
   84              74               0 
   85              84               0 
   86             143               0 
   87             194               0 
   88             149               0 
   89             165               0 
   90              40               0 
   91              36               0 
   92             181               0 
   93              91               0 
   94             135               0 
   95             213               0 
   96             147               0 
   97              50               0 
   98             106               0 
   99             205               0 
  100             248               0 
  101             123               0 
  102             244               0 
  103              74               0 
  104             226               0 
  105             190               0 
  106             156               0 
  107              76               0 
  108             182               0 
  109             166               0 
  110             221               0 
  111             229               0 
  112             125               0 
  113             167               0 
  114             167               0 
  115             175               0 
  116             116               0 
  117               0               0 
  118              26               0 
  119              66               0 
  120              33               0 
  121             136               0 
  122              80               0 
  123              56               0 
  124             189               0 
  125              81               0 
  126             237               0 
  127              12               0 
  128              70               0 
  129             144               0 
  130             135               0 
  131               8               0 
  132              82               0 
  133             226               0 
  134             114               0 
  135             118               0 
  136             135               0 
  137              32               0 
  138             200               0 
  139              78               0 
  140              11               0 
  141             196               0 
  142              85               0 
  143              21               0 
  144             248               0 
  145             250               0 
  146              74               0 
  147              75               0 
  148              93               0 
  149             242               0 
  150             154               0 
  151             237               0 
  152             159               0 
  153              74               0 
  154             179               0 
  155              95               0 
  156              84               0 
  157             207               0 
  158             118               0 
  159              23               0 
  160             232               0 
  161             159               0 
  162             238               0 
  163             190               0 
  164              11               0 
  165              45               0 
  166             163               0 
  167             123               0 
  168             250               0 
  169             119               0 
  170               0               0 
  171              47               0 
  172             202               0 
  173              23               0 
  174             106               0 
  175              84               0 
  176             205               0 
  177              20               0 
  178              32               0 
  179             245               0 
  180             245               0 
  181             248               0 
  182              77               0 
  183             106               0 
  184              93               0 
  185             104               0 
  186              71               0 
  187             103               0 
  188             233               0 
  189               3               0 
  190             147               0 
  191              39               0 
  192             188               0 
  193             181               0 
  194             196               0 
  195             155               0 
  196             218               0 
  197             105               0 
  198              86               0 
  199              23               0 
  200              17               0 
  201              14               0 
  202             184               0 
  203             170               0 
  204               5               0 
  205             124               0 
  206              33               0 
  207               1               0 
  208              71               0 
  209             127               0 
  210             119               0 
  211             203               0 
  212             199               0 
  213             182               0 
  214             218               0 
  215             123               0 
  216             133               0 
  217             197               0 
  218             135               0 
  219             251               0 
  220             150               0 
  221              90               0 
  222             125               0 
  223              30               0 
  224             245               0 
  225             220               0 
  226              70               0 
  227              14               0 
  228             119               0 
  229             117               0 
  230              55               0 
  231             130               0 
  232             226               0 
  233             228               0 
  234             150               0 
  235             246               0 
  236              85               0 
  237             134               0 
  238             237               0 
  239              17               0 
  240             223               0 
  241             190               0 
  242             162               0 
  243              18               0 
  244               5               0 
  245             197               0 
  246              22               0 
  247             123               0 
  248              89               0 
  249             189               0 
  250             193               0 
  251             229               0 
  252             242               0 
  253              69               0 
  254              46               0 
  255              31               0 
  256             174               0 
  257              61               0 
  258              21               0 
  259              29               0 
  260             157               0 
  261              74               0 
  262             236               0 
  263              31               0 
  264             166               0 
  265              62               0 
  266              25               0 
  267             155               0 
  268             125               0 
  269              24               0 
  270              27               0 
  271              98               0 
  272              55               0 
  273             153               0 
  274             148               0 
  275              10               0 
  276             115               0 
  277             157               0 
  278             128               0 
  279               6               0 
  280              60               0 
  281              32               0 
  282              57               0 
  283             169               0 
  284              96               0 
  285             200               0 
  286              36               0 
  287             247               0 
  288             158               0 
  289             108               0 
  290             207               0 
  291              98               0 
  292             104               0 
  293              70               0 
  294              92               0 
  295             246               0 
  296             120               0 
  297             178               0 
  298               9               0 
  299              74               0 
  300             231               0 
  301             103               0 
  302              79               0 
  303               2               0 
  304              62               0 
  305             131               0 
  306              58               0 
  307             253               0 
  308             217               0 
  309              21               0 
  310             127               0 
  311              74               0 
  312             135               0 
  313              78               0 
  314             161               0 
  315              23               0 
  316             158               0 
  317              62               0 
  318             230               0 
  319             252               0 
  320             197               0 
  321              93               0 
  322             246               0 
  323             142               0 
  324             214               0 
  325             123               0 
  326              93               0 
  327              42               0 
  328             246               0 
  329             226               0 
  330             136               0 
  331              77               0 
  332              28               0 
  333             178               0 
  334             177               0 
  335             190               0 
  336             191               0 
  337             230               0 
  338             239               0 
  339             159               0 
  340              20               0 
  341             206               0 
  342              27               0 
  343               2               0 
  344              10               0 
  345              64               0 
  346             111               0 
  347             120               0 
  348              29               0 
  349             234               0 
  350              51               0 
  351              70               0 
  352              50               0 
  353             116               0 
  354             163               0 
  355             243               0 
  356             145               0 
  357              38               0 
  358             108               0 
  359              51               0 
  360             196               0 
  361             153               0 
  362             226               0 
  363              22               0 
  364             224               0 
  365             103               0 
  366              34               0 
  367              90               0 
  368             183               0 
  369             233               0 
  370             202               0 
  371             251               0 
  372              93               0 
  373             217               0 
  374              57               0 
  375              62               0 
  376               5               0 
  377             206               0 
  378             236               0 
  379              64               0 
  380              59               0 
  381             144               0 
  382             135               0 
  383             133               0 
  384             166               0 
  385             238               0 
  386             111               0 
  387             112               0 
  388             236               0 
  389             214               0 
  390               9               0 
  391             143               0 
  392              15               0 
  393             237               0 
  394             173               0 
  395             119               0 
  396             184               0 
  397             251               0 
  398             206               0 
  399             199               0 
  400             134               0 
  401              53               0 
  402             140               0 
  403             180               0 
  404             212               0 
  405             178               0 
  406             152               0 
  407              27               0 
  408              42               0 
  409             214               0 
  410              58               0 
  411             123               0 
  412             158               0 
  413             178               0 
  414             203               0 
  415             184               0 
  416               6               0 
  417              36               0 
  418             112               0 
  419             177               0 
  420             192               0 
  421              56               0 
  422             131               0 
  423             109               0 
  424             125               0 
  425              60               0 
  426             116               0 
  427              88               0 
  428             194               0 
  429             187               0 
  430             153               0 
  431             105               0 
  432             180               0 
  433             251               0 
  434              80               0 
  435              62               0 
  436              33               0 
  437             141               0 
  438             134               0 
  439              69               0 
  440             117               0 
  441             155               0 
  442             124               0 
  443              83               0 
  444             191               0 
  445               9               0 
  446              76               0 
  447             185               0 
  448              23               0 
  449             234               0 
  450             157               0 
  451             226               0 
  452             241               0 
  453             151               0 
  454             106               0 
  455             127               0 
  456              80               0 
  457              60               0 
  458              88               0 
  459              87               0 
  460              25               0 
  461              80               0 
  462               6               0 
  463             201               0 
  464              55               0 
  465              69               0 
  466             152               0 
  467             101               0 
  468               4               0 
  469             173               0 
  470             219               0 
  471              88               0 
  472              80               0 
  473               4               0 
  474              95               0 
  475             139               0 
  476             200               0 
  477             247               0 
  478             238               0 
  479             234               0 
  480             160               0 
  481             246               0 
  482              17               0 
  483             125               0 
  484             191               0 
  485             190               0 
  486              75               0 
  487              53               0 
  488             219               0 
  489             243               0 
  490             128               0 
  491             118               0 
  492             166               0 
  493              70               0 
  494             243               0 
  495              25               0 
  496              97               0 
  497             144               0 
  498             122               0 
  499              50               0 
  500             103               0 
  501              99               0 
  502             239               0 
  503             139               0 
  504              20               0 
  505             218               0 
  506             163               0 
  507             157               0 
  508              12               0 
  509             104               0 
  510             198               0 
  511              40               0 
  512             157               0 
  513              76               0 
  514              88               0 
  515             100               0 
  516              27               0 
  517              35               0 
  518             195               0 
  519              71               0 
  520             195               0 
  521              16               0 
  522             228               0 
  523              50               0 
  524             201               0 
  525               8               0 
  526              68               0 
  527             128               0 
  528              98               0 
  529             197               0 
  530             111               0 
  531              36               0 
  532              35               0 
  533             154               0 
  534             192               0 
  535             155               0 
  536             231               0 
  537              88               0 
  538              25               0 
  539             138               0 
  540              37               0 
  541             215               0 
  542             198               0 
  543              67               0 
  544             145               0 
  545             179               0 
  546             233               0 
  547             102               0 
  548             105               0 
  549             252               0 
  550             157               0 
  551              30               0 
  552             148               0 
  553             177               0 
  554              31               0 
  555             211               0 
  556              86               0 
  557              26               0 
  558             252               0 
  559             158               0 
  560              18               0 
  561              78               0 
  562             136               0 
  563             198               0 
  564             116               0 
  565             103               0 
  566             119               0 
  567              68               0 
  568              21               0 
  569             214               0 
  570             177               0 
  571             211               0 
  572             209               0 
  573             232               0 
  574             226               0 
  575             105               0 
  576             107               0 
  577              29               0 
  578              76               0 
  579              19               0 
  580             185               0 
  581             245               0 
  582              80               0 
  583              82               0 
  584             222               0 
  585             202               0 
  586             245               0 
  587              27               0 
  588             208               0 
  589             209               0 
  590             176               0 
  591             204               0 
  592             127               0 
  593              13               0 
  594              35               0 
  595              14               0 
  596               0               0 
  597              28               0 
  598             198               0 
  599               7               0 
  600              80               0 
  601             158               0 
  602             177               0 
  603             111               0 
  604              35               0 
  605              41               0 
  606              12               0 
  607              86               0 
  608              71               0 
  609             237               0 
  610              87               0 
  611             211               0 
  612             209               0 
  613             243               0 
  614             186               0 
  615             254               0 
  616             195               0 
  617             183               0 
  618              95               0 
  619             143               0 
  620             249               0 
  621             151               0 
  622              23               0 
  623             231               0 
  624              23               0 
  625             251               0 
  626             129               0 
  627             219               0 
  628             137               0 
  629               7               0 
  630             103               0 
  631              82               0 
  632              99               0 
  633             191               0 
  634              16               0 
  635              37               0 
  636              30               0 
  637             128               0 
  638             184               0 
  639             171               0 
  640               1               0 
  641             229               0 
  642              14               0 
  643               9               0 
  644             234               0 
  645               1               0 
  646              40               0 
  647              12               0 
  648              15               0 
  649             137               0 
  650             157               0 
  651             249               0 
  652              17               0 
  653              37               0 
  654             185               0 
  655             129               0 
  656             214               0 
  657              18               0 
  658             225               0 
  659             183               0 
  660              80               0 
  661             151               0 
  662              99               0 
  663              87               0 
  664             192               0 
  665              49               0 
  666             156               0 
  667             168               0 
  668             138               0 
  669              78               0 
  670             134               0 
  671              20               0 
  672             211               0 
  673              45               0 
  674             181               0 
  675             137               0 
  676              43               0 
  677              48               0 
  678             144               0 
  679              86               0 
  680             196               0 
  681              89               0 
  682             158               0 
  683              99               0 
  684             103               0 
  685             248               0 
  686               8               0 
  687             104               0 
  688              45               0 
  689             208               0 
  690             225               0 
  691              83               0 
  692              19               0 
  693              74               0 
  694             162               0 
  695              75               0 
  696             138               0 
  697             224               0 
  698             118               0 
  699             201               0 
  700             199               0 
  701             207               0 
  702             254               0 
  703             222               0 
  704              69               0 
  705              32               0 
  706             243               0 
  707              40               0 
  708             239               0 
  709              81               0 
  710              60               0 
  711             193               0 
  712             144               0 
  713              51               0 
  714             119               0 
  715             214               0 
  716              77               0 
  717             134               0 
  718             104               0 
  719             113               0 
  720              56               0 
  721             120               0 
  722             175               0 
  723             253               0 
  724             129               0 
  725              83               0 
  726              86               0 
  727             251               0 
  728             122 
  729             138 
  730              28 
  731             233 
  732             121 
  733             156 
  734             173 
  735             167 
  736             134 
  737             238 
  738              44 
  739              56 
  740              92 
  741              98 
  742             200 
  743              94 
  744             220 
  745             169 
  746              38 
  747               7 
  748              20 
  749             232 
  750             123 
  751              16 
  752             154 
  753             152 
  754              56 
  755             119 
  756              44 
  757              85 
  758             213 
  759             180 
  760              38 
  761             101 
  762              23 
  763              82 
  764             139 
  765             146 
  766             232 
  767              59 
  768             135 
